
15
949 814 461 583 954 346 842 123 77 146 301 776 44 250 989 

37
224 149 44 406 258 976 481 967 189 332 946 372 98 227 536 398 393 349 981 346 694 174 820 123 671 121 898 714 722 238 103 297 386 146 702 643 473 

32
961 14 865 906 385 962 485 272 712 877 620 692 574 666 217 394 788 887 866 37 601 939 274 55 235 11 552 937 5 25 470 965 

38
687 223 774 1000 707 45 711 583 17 754 156 34 970 901 821 857 118 857 809 408 482 215 995 492 766 931 496 790 752 812 179 438 34 952 438 740 349 500 

24
717 254 182 750 575 434 922 783 552 130 943 311 611 157 305 454 923 235 301 64 339 112 595 128 

48
546 565 589 246 417 263 962 670 796 63 244 229 984 379 780 113 321 91 75 478 395 528 752 982 180 167 672 644 761 799 141 659 716 81 904 132 343 218 153 138 632 748 719 968 126 498 432 447 

40
507 276 687 386 379 20 566 545 43 209 658 841 701 316 908 781 571 391 476 788 543 965 772 291 683 739 768 533 170 214 824 676 489 862 414 867 233 331 764 275 

41
421 468 591 88 375 723 658 766 550 798 660 867 569 950 901 307 718 785 828 283 609 504 124 822 269 342 55 599 105 681 489 877 148 431 964 875 505 622 992 55 771 

1
273 

39
953 173 997 22 958 824 304 918 679 779 739 947 121 145 897 577 826 385 454 325 167 769 199 672 390 190 78 160 841 350 850 145 874 846 166 831 22 821 100 

50
600 191 999 72 335 895 648 512 632 453 837 798 222 35 469 963 225 898 475 417 247 324 913 121 522 78 303 895 250 755 594 201 945 944 272 279 191 272 791 822 76 627 971 297 13 440 260 237 689 86 

5
936 409 917 408 282 

46
62 176 596 816 122 796 760 417 420 391 607 43 181 428 118 159 399 415 171 190 26 760 878 463 116 165 223 33 924 505 730 338 32 325 505 505 473 265 922 892 655 528 286 187 308 403 

47
58 169 867 599 546 978 828 8 94 345 231 126 268 87 207 957 470 532 462 975 356 78 248 247 732 775 884 270 434 286 966 491 807 184 441 352 162 269 712 607 613 942 84 232 380 290 189 

49
821 2 175 176 79 422 774 162 549 9 431 982 295 748 825 101 283 265 804 796 885 515 402 497 456 485 81 187 775 269 388 947 270 562 475 348 984 600 509 532 609 291 865 255 390 689 355 672 306 

8
820 190 673 221 687 480 58 119 

19
184 387 406 130 8 967 956 707 302 556 567 833 516 209 50 770 598 738 476 

21
395 633 440 585 657 13 623 489 70 741 507 253 479 912 734 486 230 42 544 532 949 

10
716 464 318 765 233 267 855 708 887 249 

42
327 833 701 339 807 189 760 547 695 364 25 958 97 862 187 490 405 70 438 866 786 901 535 902 485 801 756 544 688 5 236 366 189 936 56 996 476 815 894 522 530 919 

29
978 132 17 468 889 87 905 754 224 806 289 125 642 441 233 186 128 589 773 845 777 60 900 124 535 66 18 56 595 

38
886 573 771 902 40 659 340 296 765 915 101 53 40 743 845 624 280 325 212 52 169 340 111 69 816 645 486 833 52 81 472 937 5 242 190 396 901 882 

41
665 796 792 69 187 886 265 810 517 589 21 568 758 713 678 178 528 674 663 712 77 95 183 13 451 776 554 846 28 435 537 44 231 680 464 769 917 729 579 433 317 

1
352 

26
663 29 955 542 54 970 253 130 64 787 494 515 563 47 712 590 834 248 986 416 927 449 184 195 529 762 

27
198 65 978 623 79 358 578 621 763 547 873 892 962 660 737 828 574 136 540 163 969 787 500 384 66 949 919 

10
477 33 239 26 97 216 649 175 926 578 

45
688 476 668 932 437 679 668 617 252 803 156 766 123 294 266 858 711 566 777 971 394 809 209 420 905 776 420 431 53 997 226 741 472 245 24 260 275 691 228 526 846 735 643 968 29 

10
178 739 825 954 61 219 114 621 990 370 

49
409 800 801 405 377 893 228 621 916 839 247 959 419 772 804 153 767 123 181 26 300 272 851 605 332 421 718 305 410 87 53 818 887 853 574 263 746 153 236 13 343 482 971 761 606 774 914 724 249 

44
749 548 717 951 153 49 371 870 705 132 309 757 301 195 961 874 809 58 378 396 71 721 878 41 481 835 167 394 558 415 840 658 314 556 609 466 956 979 688 660 463 996 768 763 

42
729 989 350 786 366 746 208 86 975 249 919 161 767 664 70 181 855 727 494 763 335 312 70 666 351 730 128 346 849 242 887 577 230 588 715 596 685 922 33 11 522 303 

21
288 967 240 468 821 319 314 935 653 625 5 670 975 734 149 672 934 391 910 863 620 

49
577 567 534 850 600 896 372 902 67 659 220 658 479 393 976 792 327 981 768 331 2 94 416 151 117 350 541 378 212 512 226 140 79 111 989 30 7 360 283 425 371 503 82 849 247 410 992 573 742 

11
904 95 556 671 245 672 20 137 49 583 1 

24
722 431 737 711 460 743 422 94 167 792 596 600 992 194 361 983 767 102 445 22 197 1000 692 793 

21
64 282 71 998 282 697 720 712 433 782 523 175 555 616 693 347 564 292 338 757 653 

23
875 106 117 248 654 469 292 799 139 355 80 562 704 713 258 775 424 42 556 298 216 111 913 

10
809 828 903 498 585 907 522 811 13 639 

9
18 459 350 816 949 56 247 510 759 

9
119 534 734 160 441 31 727 903 296 

36
63 123 889 561 59 147 82 870 159 72 280 529 530 629 344 479 36 591 988 146 901 459 31 635 618 824 665 345 726 312 330 789 435 570 701 845 

17
782 714 227 854 345 107 735 325 803 213 360 745 553 506 645 11 888 

29
628 711 296 324 437 607 6 577 41 927 277 238 995 58 951 574 263 648 680 998 972 482 562 332 226 466 189 223 828 

26
501 808 787 796 131 575 755 136 151 147 415 427 384 409 836 687 982 451 334 662 800 305 495 713 636 73 

29
176 295 358 252 795 165 390 943 648 964 697 135 466 195 549 244 579 958 79 265 939 881 598 952 680 254 447 393 890 

19
923 417 813 280 668 959 797 409 253 444 372 301 578 837 496 127 80 74 84 

11
338 22 391 287 974 423 540 772 167 781 290 

41
198 454 720 217 764 868 978 369 311 349 669 889 538 164 367 969 589 450 479 278 823 222 916 148 996 456 919 162 588 560 602 137 365 673 706 481 541 683 849 203 31 

17
91 920 33 457 889 973 258 719 251 81 292 166 580 287 973 851 800 

13
410 753 49 127 426 754 607 318 436 455 520 819 323 

13
90 707 771 978 680 29 49 930 461 340 447 40 979 

22
242 778 684 652 531 732 130 308 838 736 625 625 542 496 443 864 458 533 923 229 862 602 

9
262 883 69 954 681 460 932 452 702 

11
487 705 943 219 834 250 408 921 226 32 814 

22
827 29 531 711 951 111 572 552 719 186 434 787 139 115 599 422 918 652 482 405 356 425 

25
541 26 382 813 252 765 626 325 591 654 855 301 605 966 225 508 684 410 942 823 900 408 773 321 677 

24
802 81 779 578 55 671 604 788 483 855 905 460 531 495 113 385 148 69 702 372 577 738 133 870 

10
32 629 332 704 305 107 857 386 237 435 

42
907 390 932 741 244 836 200 126 682 664 510 829 733 564 200 661 301 332 530 212 715 158 895 418 462 1 275 199 237 61 343 495 450 274 235 45 461 786 170 142 449 31 

21
181 594 522 841 246 206 722 457 920 231 351 690 693 703 316 243 291 376 585 785 177 

10
19 221 670 156 742 812 605 772 134 137 

18
655 330 963 860 51 772 132 282 474 821 326 177 488 568 467 215 505 252 

41
714 622 963 736 778 704 899 734 827 32 870 544 686 199 859 898 602 630 29 883 455 849 560 631 688 479 450 902 983 53 292 49 674 254 784 803 309 682 888 135 65 

8
31 102 956 889 999 909 870 27 

41
324 227 702 307 914 181 756 815 515 808 458 563 833 711 698 988 19 731 875 506 795 632 536 897 940 424 895 848 645 274 991 320 500 692 626 766 872 381 580 739 540 

38
301 373 100 351 360 471 81 234 976 228 866 511 476 157 286 722 356 282 995 346 601 847 38 227 612 261 959 543 351 499 932 652 223 384 354 582 854 786 

17
829 13 384 691 840 540 976 562 896 257 556 593 209 754 982 787 365 

43
746 260 945 596 191 596 818 574 301 751 427 87 917 607 451 301 297 291 192 624 852 87 232 759 680 441 513 661 227 877 255 324 136 200 919 679 147 88 604 800 838 383 886 

5
989 336 407 638 978 

48
261 829 37 845 588 716 637 100 728 863 328 335 539 816 886 457 846 384 897 449 183 734 831 420 840 172 756 246 809 733 196 421 914 232 265 501 299 901 952 26 116 631 712 654 798 597 462 643 

31
358 92 515 92 274 935 283 445 42 881 253 126 76 26 39 307 290 891 605 543 194 982 658 177 694 663 974 642 124 617 974 

32
60 489 925 685 775 207 130 816 87 734 941 514 759 332 820 401 574 776 943 768 758 952 944 451 966 269 444 89 885 418 922 296 

8
198 981 32 405 110 199 843 843 

41
357 954 822 528 354 396 304 296 515 61 599 810 863 564 78 658 4 315 75 926 610 684 123 942 715 879 403 265 74 598 756 782 551 929 661 904 324 964 551 190 376 

1
351 

40
64 429 248 419 743 674 696 704 710 171 646 424 401 48 41 474 997 796 607 547 724 620 802 400 583 352 941 311 852 292 252 267 720 851 38 814 877 733 517 586 

3
514 361 304 

14
401 129 910 196 736 457 272 707 258 671 289 962 611 951 

15
902 555 784 973 757 821 786 633 553 303 218 808 168 931 111 

31
331 591 991 879 326 799 502 32 408 172 673 369 134 975 886 388 881 669 360 638 841 146 270 745 800 840 552 967 122 14 48 

2
605 390 

32
282 188 183 666 595 706 690 316 840 16 201 227 897 221 938 534 61 83 155 805 234 994 709 201 115 722 600 919 326 341 952 608 

28
487 625 474 192 314 141 383 329 341 961 225 913 899 110 973 333 265 130 567 610 838 119 77 911 70 347 589 410 

48
196 289 784 172 114 328 485 255 62 165 947 23 390 860 273 499 184 957 115 313 523 725 502 993 801 413 414 147 1 175 796 548 815 932 71 929 611 555 535 672 719 481 694 460 692 318 311 876 

25
425 540 149 501 394 494 301 158 907 799 510 434 947 57 248 878 479 176 488 33 710 159 103 543 205 

13
234 874 225 461 148 649 1 649 150 746 142 802 903 

50
953 412 833 899 820 81 776 298 256 615 682 318 773 784 860 329 698 93 203 922 906 702 923 906 350 424 651 491 225 905 891 529 316 723 427 135 803 554 432 411 168 465 728 293 248 939 621 298 383 175 

19
288 877 493 545 578 916 547 69 493 451 311 21 766 385 448 252 540 353 35 

2
521 499 

31
165 99 319 137 396 701 312 966 341 540 459 885 117 374 784 537 218 234 199 239 352 584 38 603 475 390 990 776 262 488 156 

26
586 474 563 333 526 226 299 866 117 757 103 585 482 886 122 700 471 672 290 822 607 327 777 81 68 766 

6
330 605 363 107 191 836 

19
875 714 246 173 931 362 281 33 947 115 270 420 814 741 91 103 562 698 781 

38
778 848 455 986 529 60 348 636 602 536 656 476 249 902 649 531 263 281 564 209 395 833 628 208 925 71 662 487 768 794 176 897 994 631 234 522 42 582 

7
643 469 813 118 69 714 118 

49
976 399 162 537 793 347 516 353 623 586 366 109 353 160 637 602 153 619 835 26 660 768 183 654 236 347 771 304 60 241 255 387 639 768 275 783 114 791 135 737 376 853 197 81 364 185 682 516 155 

18
541 814 636 75 819 871 421 590 527 832 182 781 571 820 548 197 602 14 

37
89 102 715 293 650 795 656 187 828 523 341 695 415 507 682 490 325 905 262 266 431 446 447 563 368 266 462 564 220 475 551 660 928 617 952 930 763 

9
116 590 481 456 636 895 962 318 736 
